Wavelength	I1	I1 dark	R1	R1dark	XCorrect	I1c	R1c	I1c/R1c	Abs	Percent T
nm	uA	uA	uA	uA		uA	uA	uA/uA	OD	T*100
	Abs Detector Raw	Dark Offset for Abs Detector	Ref Detector Raw	Dark Offset for Ref Detector	Linear interp	Dark subtracted Abs Detector	Corrected Ref Detector	Corrected Intensity 	-Log(T)	% Transmittance
800	0.164426467238492	0.00295383444559452	0.23564671506182	0.00103863662686178	1.34088253974915	0.161472632792898	0.314581876057534	0.513292866126102	0.00388360764999	99.1097526700716
797	0.161682469904486		0.231948267048034		1.3260293006897	0.158728635458891	0.306192935749903	0.518394178723117	0.00391788369489558	99.1019308891763
794	0.172822710414781		0.248947917477543		1.31175875663757	0.169868875969187	0.325197170007605	0.522356562836061	0.00391335469273762	99.1029643704152
791	0.187747826474528		0.270836540742131		1.29830348491669	0.184793992028934	0.350279559136073	0.527561449730919	0.00384469197073483	99.1186339621784
788	0.175330172028907		0.252986320934307		1.28535497188568	0.172376337583313	0.323842208679659	0.532284961512925	0.00389279543111815	99.107655961223
785	0.170811964496912		0.247022931218145		1.27193987369537	0.167858130051318	0.312877232593483	0.536498385197026	0.00390196501862267	99.1055634484977
782	0.17777151151195		0.257623242226204		1.25860202312469	0.174817677066356	0.322937903709983	0.541335269282456	0.00392372788350789	99.1005973090752
779	0.188368413859133		0.2736571639761		1.24614322185516	0.185414579413539	0.33972173000839	0.545783690107076	0.00399400067907612	99.0845632287207
776	0.208114558570881		0.303173120431646		1.23451888561249	0.205160724125287	0.372990726251787	0.550042426488623	0.00399797355781542	99.0836568180465
773	0.237126812178098		0.346375846394271		1.22383856773376	0.234172977732504	0.42263699618692	0.554075908747316	0.00397841586802662	99.0881189771077
770	0.303190438165342		0.444953969779669		1.21381187438965	0.300236603719747	0.538829702604514	0.557201286915901	0.00397538372481432	99.0888107897572
767	0.447371387372548		0.658694896965153		1.20520555973053	0.444417552926954	0.792610981351297	0.560700726312523	0.00393610204893746	99.0977737187085
764	0.479747438573747		0.704142434320175		1.19851565361023	0.476793604128152	0.842680907648236	0.565805632714278	0.00395178586493582	99.0941950336234
761	0.387159430215683		0.567896380177087		1.19181299209595	0.384205595770088	0.675588423433351	0.568697719563561	0.00399712506113916	99.083850401523
758	0.375822860131587		0.552278328176505		1.18398952484131	0.372869025685992	0.652662020471532	0.571304923514017	0.00404392580068022	99.0731734350425
755	0.404641621918288		0.595178830019244		1.17633533477783	0.401687787472694	0.698908103299193	0.574736200047657	0.00408092214812658	99.0647340244955
752	0.446461286363001		0.656839846313386		1.16980671882629	0.443507451917407	0.767160661305707	0.57811547735328	0.00408585814584904	99.063608105233
749	0.488003753238022		0.717944965392952		1.16390073299408	0.485049918792427	0.834407801538947	0.581310383121803	0.00413923320059918	99.0514338759486
746	0.552279007802968		0.812908023485178		1.15848278999329	0.549325173357373	0.940536712397761	0.584055004038012	0.0042002425062909	99.0375201952127
743	0.643263060478964		0.946581909059442		1.15345752239227	0.64030922603337	1.09064400033477	0.587092787231059	0.00425788688592847	99.0243757096409
740	0.727116043542342		1.06907199432439		1.14841175079346	0.724162209096747	1.22654205821923	0.590409602544024	0.00437991194722111	98.9965564335162
737	0.864454381616612		1.27144336924818		1.14263534545898	0.861500547171017	1.45160935053148	0.593479607206713	0.00445612479266056	98.979185392434
734	1.02656526262168		1.50902864265186		1.13635516166687	1.02361142817609	1.71361222708856	0.597341342454827	0.00451270777693799	98.9662905178707
731	1.07788042660121		1.583116996848		1.12990951538086	1.07492659215561	1.78760539329202	0.601322079352227	0.00446217445018862	98.9778066367084
728	1.05908793369534		1.55671814197302		1.12338900566101	1.05613409924975	1.74763325263803	0.604322501677924	0.00431891199125641	99.0104622277439
725	1.04420508921135		1.53792866817115		1.11702907085419	1.04125125476576	1.71675084394097	0.606524387881156	0.00414014041019153	99.0512269649221
722	1.04759319405621		1.54702988273439		1.11090362071991	1.04463935961062	1.71744727290214	0.608251197048622	0.00399791193728033	99.0836708766833
719	1.01939324940571		1.50878783576806		1.10438621044159	1.01643941496011	1.66513742433589	0.610423740470254	0.00396864483539102	99.090348349518
716	0.913457546093656		1.35479631904939		1.09723365306854	0.910503711648062	1.48538848725408	0.612973454056615	0.0041086917927472	99.0583998327826
713	0.740910108123454		1.10119783800706		1.08915162086487	0.737956273677859	1.19824017739264	0.615866741577341	0.00432527089042493	99.0090125364332
710	0.556277866429567		0.830166818887407		1.07961905002594	0.553324031983973	0.895142580481864	0.618140667251146	0.00454719944063738	98.9584309281098
707	0.423685098099518		0.637539051102422		1.06877458095551	0.420731263653924	0.680275463759122	0.618471907437338	0.00470265863778099	98.9230143023426
704	0.343085788424019		0.523145147445748		1.05739140510559	0.340131953978424	0.552070937089559	0.616101901272963	0.00475052960287769	98.9121109190861
701	0.302423483136058		0.468409570577058		1.04672133922577	0.299469648690463	0.489207129899548	0.612153074612701	0.00467904136854534	98.9283939585104
698	0.295641244851391		0.462784840069748		1.03894531726837	0.292687410405796	0.479729055833436	0.610109825216463	0.00460482659348367	98.9453008642254
695	0.32247877465138		0.507040989184902		1.03592443466187	0.319524940205785	0.524180201011261	0.609570791856217	0.00464386405694194	98.9364073596213
692	0.364451914437277		0.573245145109328		1.03646862506866	0.361498079991682	0.593074093102163	0.609532745058568	0.00473706737862082	98.9151770360014
689	0.394849822946184		0.620866941488865		1.0377025604248	0.391895988500589	0.643197418979067	0.609293471859133	0.0047967330145171	98.9015884877016
686	0.416448845076675		0.655321641058222		1.03746140003204	0.413495010631081	0.678793361794531	0.609161836141004	0.00479881124046325	98.9011152158455
683	0.413192750729334		0.650666335290691		1.03570008277893	0.41023891628374	0.672819461281614	0.60973104954827	0.00489912588431003	98.8782733773402
680	0.407070013021866		0.641877878904909		1.0333856344223	0.404116178576272	0.662234066944207	0.610231636739881	0.00495470663139611	98.8656198049858
677	0.413430955379261		0.653128532241301		1.03072738647461	0.410477120933667	0.672126913853172	0.610713709677956	0.00506847227664128	98.8397248455617
674	0.424258402540587		0.671356749636727		1.0278697013855	0.421304568094992	0.68899967865274	0.611472807823082	0.00514715432229637	98.8218194665397
671	0.433518333228684		0.687179144287859		1.02485907077789	0.430564498783089	0.703197323104522	0.612295417852566	0.00518972062339873	98.812134164605
668	0.442163149783496		0.702134724062084		1.02161717414856	0.439209315337902	0.716251803652183	0.613205178818907	0.00521782485170197	98.8057400034058
665	0.446718234909338		0.710517996428488		1.01794040203094	0.443764400463743	0.722207704749125	0.614455367265702	0.00528092027571897	98.7913862930021
662	0.453069456502612		0.721769534469467		1.01405811309814	0.450115622057018	0.730863014317804	0.615868655601845	0.00532344874836169	98.7817125779612
659	0.463917967506627		0.740163194979465		1.01044762134552	0.460964133061032	0.746846651865446	0.617213897805731	0.00538278117154482	98.7682181443918
656	0.479861775426317		0.766784638354537		1.00736176967621	0.476907940980722	0.771383247422872	0.618250321839414	0.00546908784087157	98.7485920396665
653	0.505372518427408		0.80894729107913		1.00482106208801	0.502418683981814	0.811803632236825	0.618891889652503	0.00555564611827248	98.7289126363056
650	0.534704016723291		0.857283564079347		1.00265884399414	0.531750182277697	0.858521549135355	0.619378957713105	0.00561952046212422	98.7143930394643
647	0.547459177194785		0.878783762357694		1.00098860263824	0.544505342749191	0.878612866877836	0.619732948692293	0.00565350586532307	98.7066685176789
644	0.550728701412678		0.885264661379649		0.999615073204041	0.547774866967083	0.883885662462175	0.619734984094195	0.00573873992757371	98.6872983779357
641	0.563059933052858		0.906457076456101		0.99827116727829	0.560106098607263	0.903853122803623	0.619687075782727	0.00578461659862907	98.6768741017961
638	0.585215549724582		0.943574614759935		0.996643483638763	0.582261715278988	0.939372340701416	0.619841238719272	0.00589107865767674	98.6526876197867
635	0.610024096073206		0.984919337495121		0.994565904140472	0.607070261627612	0.978534198825402	0.62038737364143	0.00596541682543726	98.6358026886339
632	0.635273189905421		1.02713657121315		0.992188215255737	0.632319355459827	1.01808227839477	0.621088657448021	0.00603828952166709	98.6192534250015
629	0.657509906430337		1.06467967225942		0.989726662635803	0.654556071984743	1.0527138924391	0.621779646574396	0.00611968346284686	98.6007722839855
626	0.680971902491373		1.10420463487004		0.986993134021759	0.678018068045778	1.08881726595228	0.622710613844633	0.00616797181302001	98.589809667306
623	0.704973452688436		1.14447686188197		0.984223663806915	0.702019618242842	1.12539895939746	0.623796221225139	0.00623797239113813	98.5739200168418
620	0.724210167699461		1.17683415392797		0.981929302215576	0.721256333253866	1.15454807185168	0.624708793716232	0.00630711770105281	98.5582270205682
617	0.733901974606535		1.19366658458581		0.980959832668304	0.73094814016094	1.16992011226536	0.624784660506076	0.00639966965423035	98.5372256380996
614	0.740649018036606		1.20584376349223		0.981367647647858	0.737695183591012	1.18235677322595	0.623919277409204	0.0065081419644274	98.5126173913029
611	0.7494212036705		1.22131677215843		0.982362389564514	0.746467369224905	1.19875534515412	0.622702015254774	0.00656170680249614	98.5004678310003
608	0.759773609329817		1.23936478935927		0.982585072517395	0.756819774884223	1.21676079258276	0.62199553067268	0.00662856161508225	98.4853059448715
605	0.780237997065428		1.27379735941211		0.981410205364227	0.777284162619834	1.24909839950778	0.622276165693695	0.0066831520339222	98.4729272100778
602	0.799213604594586		1.30559189602823		0.979359269142151	0.796259770148991	1.27762632668433	0.623233690100474	0.0067865454624888	98.4494863372938
599	0.825585373288038		1.34941029612169		0.977581381797791	0.822631538842443	1.31814303006594	0.624083669282303	0.00687399755845961	98.4296639644499
596	0.854509691714942		1.39744232595906		0.976614892482758	0.851555857269348	1.3637486389197	0.624422883343015	0.00694260638954966	98.4141155034962
593	0.882902709179614		1.4447641714731		0.976398348808289	0.87994887473402	1.40965122835623	0.62423162342086	0.00703753118413339	98.3926072430491
590	0.914173137216285		1.49665750500598		0.976394712924957	0.911219302770691	1.46031435563618	0.623988457864418	0.00711741909964356	98.3745097131181
587	0.940860262658965		1.54070828119715		0.976113736629486	0.93790642821337	1.5028926899365	0.624067463028915	0.00719854356039699	98.3561354669297
584	0.963361395381555		1.57794731425147		0.975447654724121	0.96040756093596	1.53819187130304	0.624374357226562	0.0072965555846529	98.3339408579108
581	0.98357923587694		1.61159079922446		0.974489092826843	0.980625401431346	1.56946551588005	0.624814875834643	0.00739632264033581	98.311353969509
578	1.00643495050729		1.64977321240197		0.973618805408478	1.0034811160617	1.60523898810182	0.625128796085565	0.00751157663812002	98.285267353895
575	1.03106632278436		1.69071142634972		0.972994327545166	1.02811248833876	1.64404203980776	0.625356568411709	0.00762635544159091	98.2592951731233
572	1.05797435276717		1.73515107216824		0.972547769546509	1.05502051832158	1.68650718132863	0.625565387447939	0.00773245781725347	98.2352924016036
569	1.08353542200097		1.77719957053538		0.972193658351898	1.08058158755538	1.72677239615825	0.625781133610587	0.00785492219732238	98.2075954617112
566	1.10957748793695		1.82013956426028		0.972323656082153	1.10662365349136	1.76875486473897	0.625651228190219	0.00797499003643166	98.1804481125608
563	1.13806702792321		1.86734099351504		0.972873628139496	1.13511319347762	1.81567634515109	0.625173752199299	0.00812169555927024	98.1472881668041
560	1.17018575582222		1.92032507045176		0.9736088514328	1.16723192137662	1.86863426040681	0.624644397305713	0.0082741784476537	98.1128342291224
557	1.2029284104155		1.97390931584312		0.974480867385864	1.19997457596991	1.92252473072279	0.624166002545395	0.00843498770931055	98.0765120274014
554	1.23847913476075		2.03189093304307		0.975422322750092	1.23552530031516	1.98093866413266	0.623706994409202	0.00883785711270368	97.9855744108548
551	1.26883621624346		2.07998213036068		0.976292371749878	1.26588238179786	2.02965667423136	0.623692862871626	0.00879679194464433	97.9948399771728
548	1.30337657133005		2.1364483996663		0.976854741573334	1.30042273688446	2.08598515222706	0.623409392677644	0.00900811699339801	97.9471678845344
545	1.34074400831453		2.19715384620108		0.976897537708282	1.33779017386893	2.14537954075676	0.623568067306656	0.00919500548648251	97.9050276747738
542	1.37562178893688		2.25327522170925		0.976688385009766	1.37266795449129	2.19973331294402	0.624015623354891	0.00941139767406176	97.8562575272852
539	1.40845037645219		2.30591495782703		0.976733922958374	1.40549654200659	2.25125089113971	0.624318039156912	0.00964349081272919	97.8039757248915
536	1.44843423005219		2.37050778349667		0.977351248264313	1.44548039560659	2.31580362841698	0.624180901121863	0.00991566222313416	97.7427013875634
533	1.49112059828982		2.43917591920861		0.978485703468323	1.48816676384423	2.38568247409935	0.623790793620197	0.0101742338938856	97.6845243384881
530	1.54147139276637		2.5199111495989		0.97979062795639	1.53851755832077	2.46796768122697	0.623394532280053	0.0104425842134442	97.6241837691859
527	1.59670305026051		2.60820910700975		0.980956435203552	1.59374921581492	2.55752065059477	0.623161817068528	0.0107545275439159	97.5540878319839
524	1.65716996163999		2.70506450579266		0.981513798236847	1.6542161271944	2.65403870137561	0.623282594310703	0.0110746359650528	97.4822094626212
521	1.71444217332521		2.79637790386529		0.98179018497467	1.71148833887961	2.74443665624897	0.623621002504329	0.0113643957288435	97.4171913647579
518	1.78269016743727		2.90470619078595		0.982168912887573	1.77973633299167	2.85189200505535	0.624054602992281	0.0117066180145155	97.3404572511669
515	1.85388726554145		3.01716551772916		0.983009278774261	1.85093343109586	2.96488071008403	0.624285970359798	0.0120440038539385	97.2648667474566
512	1.92572349328175		3.1305697311432		0.984047532081604	1.92276965883616	3.07960735013145	0.624355458417154	0.0123946203881378	97.1863741355457
509	1.9956189385591		3.240306012443		0.985204875469208	1.99266510411351	3.19134201160241	0.624397227520271	0.0123032684716421	97.206819008117
506	2.0767392263209		3.37089153438214		0.986456871032715	2.07378539187531	3.3242145453602	0.623842223050798	0.0131275192612492	97.0225044107547
503	2.16493545277513		3.5084088165475		0.987697958946228	2.16198161832953	3.46422236797648	0.624088579969649	0.0135010126321689	96.9391008996003
500	2.25763162916254		3.65213612066069		0.988681137561798	2.25467779471695	3.60977121386358	0.62460407076706	0.0139043812845434	96.8491065688748
497	2.40895696425124		3.89064907014709		0.988923311233521	2.40600312980564	3.84652642932528	0.625500220526934	0.0143393776183169	96.7521495119956
494	2.65778065710464		4.28392024533347		0.988562703132629	2.65482682265905	4.23389702030003	0.627040953034544	0.0147742606458437	96.6553147373488
491	2.77684664661911		4.46471273484544		0.98904812335968	2.77389281217352	4.41478849013229	0.628318393593165	0.0151702839680069	96.567217113655
488	2.8084888034751		4.50546451446776		0.991359889507294	2.8055349690295	4.46550714055014	0.628267939279091	0.0156370216395524	96.4634917629074
485	3.05821033934249		4.895213618135		0.992995142936707	3.0552565048969	4.85989198531993	0.628667574120121	0.016060252119417	96.3695315470504
482	3.31529083270002		5.29149781088747		0.994394838809967	3.31233699825442	5.26080529781959	0.629625468106046	0.0165033179299345	96.271265799765
479	3.3742430748961		5.3718307890821		0.99604320526123	3.3712892404505	5.34954103032338	0.630201585769819	0.0169331717817643	96.1760260415297
476	3.68705442374382		5.86510804297043		0.998053312301636	3.68410058929823	5.85265389456789	0.62947521853592	0.0173918459675862	96.0745046647642
473	4.31818138045048		6.85081040719583		1.00068914890289	4.31522754600488	6.85449228326972	0.629547363637331	0.0177753337291243	95.9897070528827
470	4.91453073719844		7.7672578302917		1.00380909442902	4.91157690275285	7.79580145592994	0.630028475009047	0.0181962886881012	95.8967107840024
467	5.22370289294547		8.23340334112438		1.00672602653503	5.22074905849988	8.28773580794605	0.629936713655179	0.0186121009787163	95.8049390722104
464	5.04268059386411		7.93838532472509		1.00893819332123	5.03972675941852	8.00829222725406	0.629313543562655	0.0189974114094367	95.7199776619291
461	4.68730310504976		7.38254203104769		1.01032972335815	4.68434927060416	7.45775228245248	0.628118110281845	0.0194123404137121	95.6285695742798
458	4.32048041974793		6.81924899130631		1.01095962524414	4.31752658530234	6.89293538500246	0.626369803885924	0.0198151472904148	95.5399154719668
455	3.92137172749503		6.21648784137108		1.01064646244049	3.91841789304944	6.2816217512533	0.623790805657415	0.0202643059494664	95.4411566824801
452	3.64539894051183		5.81231012814234		1.00919055938721	3.64244510606623	5.86468032727344	0.621081611068758	0.0207762395145941	95.3287197350694
449	3.35162649905873		5.37359004688757		1.00661778450012	3.34867266461314	5.40810579770964	0.619195110057078	0.0213608698253599	95.2004782629164
446	2.92635744558224		4.71292523751574		1.00299048423767	2.92340361113665	4.72597742349853	0.618581797831045	0.0220403940927347	95.0516381221652
443	2.65641498084057		4.29309985589249		0.999023199081421	2.65346114639497	4.28786872992406	0.618829846137097	0.0228285062886961	94.879304765837
440	2.58593456486243		4.18737957921532		0.996054291725159	2.58298073041683	4.16982286248998	0.619446152893513	0.0236770648520158	94.6941031409219
437	2.57208010324787		4.16754325971451		0.99519157409668	2.56912626880227	4.14647029433169	0.619593554622668	0.0245086976654047	94.5129464035003
434	2.58202310003431		4.18113513954301		0.996780753135681	2.57906926558871	4.16663974035658	0.618980623788702	0.0254142570259963	94.3160801782271
431	2.66152994053693		4.3042307078988		1.00035095214844	2.65857610609133	4.30470228577449	0.617598135619502	0.0264551281460477	94.0903040304108
428	2.77778780384191		4.48859831946679		1.00449895858765	2.77483396939632	4.50774902801262	0.615569756025147	0.027555709100199	93.8521640139856
425	2.83176340177077		4.58356537108927		1.00724053382874	2.82880956732517	4.61570667430437	0.612865974147177	0.0286514329247136	93.615673711067
422	3.02311477551789		4.91770105334788		1.00762593746185	3.02016094107229	4.95415657683198	0.609621616562548	0.0298008627006667	93.3682324553424
419	2.84724064536127		4.67538660119112		1.00603270530701	2.84428681091567	4.70254692833689	0.604839644188642	0.0310790845860456	93.0938337101989
416	2.60784719661081		4.32943538431176		1.00299537181854	2.60489336216521	4.34136190532238	0.600017556465792	0.032369982044971	92.8175323256503
413	2.40148984636115		4.03489776830117		0.998497366905212	2.39853601191556	4.02779772144335	0.595495647446777	0.0337527493003968	92.5224769081125
410	2.23733379110888		3.80191785956415		0.993889927864075	2.23437995666329	3.7776555767052	0.591472650508831	0.0352569284447411	92.2025795674787
407	2.11771104378414		3.63233870496831		0.989984571933746	2.11475720933854	3.59493104372	0.588260854970452	0.0367515810664977	91.8858038257189
404	2.04116663735171		3.5262456426481		0.98790580034256	2.03821280290612	3.48257244865661	0.58526070396392	0.0383164423394807	91.5553142582208
401	2.02986374555117		3.52355466243424		0.988417327404022	2.02690991110558	3.48171587596637	0.582158333222121	0.0399481682175362	91.2119691690787
398	2.06693796537374		3.59737815212949		0.99182003736496	2.06398413092814	3.5669215926429	0.578645781052574	0.0416380872447976	90.8577364026859
395	2.08839081807122		3.63715393688267		0.998149752616882	2.08543698362562	3.62938758743679	0.574597486045417	0.0434045595910907	90.4889274050977
392	2.06268858672861		3.59082115752679		1.00708770751953	2.05973475228301	3.61522584946679	0.569738887153289	0.0455656445404604	90.0397655431711
389	2.05127998936208		3.5669294181203		1.01841080188751	2.04832615491649	3.63154169022402	0.564037626342143	0.0478476475098403	89.5678918703563
386	2.0658071609349		3.58779253937483		1.03232741355896	2.0628533264893	3.70270437949631	0.557120719091789	0.0504023927452691	89.0425537781094
383	2.09248425921697		3.63158349378969		1.04808735847473	2.08953042477138	3.80512816916781	0.549135359408501	0.0531653655315059	88.4778650102284
380	2.10977365001703		3.66246629884207		1.06401991844177	2.10681981557143	3.89583196253067	0.540788164334191	0.055984266312825	87.9054362770452
377	2.09697983659159		3.64548052620486		1.07910001277924	2.09402600214599	3.9327172896168	0.532462887092001	0.058980848649289	87.3009865191924
374	2.07881528954503		3.62269435442091		1.09262192249298	2.07586145509943	3.95710043298383	0.524591551378477	0.0621713121643375	86.6619960692538
371	2.0650165530279		3.61008390036974		1.10292184352875	2.0620627185823	3.98049485566599	0.51804179966395	0.0654626751391377	86.0076981883322
368	2.06531736601498		3.62261221330796		1.10681164264679	2.06236353156938	4.00839979937262	0.514510436781326	0.0684430868532319	85.4194780057854
365	2.0688136904639		3.64163232797805		1.10139167308807	2.0658598560183	4.00971957675117	0.515213050806945	0.071282643845494	84.862799841169
362	2.08470979757811		3.68251391961157		1.08866059780121	2.08175596313252	4.00787708236451	0.519416119893666	0.073898479603139	84.3531918194296
359	2.11250505747681		3.74531214934111		1.07323324680328	2.10955122303122	4.01847881896985	0.524962633390714	0.0764720785003876	83.8547988504804
356	2.14610646847536		3.81886012390074		1.05542421340942	2.14315263402977	4.02942124014363	0.531876045293634	0.0789890003696908	83.3702300017916
353	2.17061511339696		3.87788365882115		1.03646063804626	2.16766127895137	4.01819726530997	0.539461140363936	0.0816571289615947	82.8596073651061
350	2.18697073100739		3.92295092060396		1.01822805404663	2.1840168965618	3.99340111305558	0.546906467627711	0.0843331499215536	82.3506156105364
347	2.18922305277573		3.94400484996319		1.00210988521576	2.18626921833014	3.95128541945609	0.553305819813718	0.0870541564833261	81.836273201172
344	2.1901167783581		3.96370911257977		0.988115131855011	2.18716294391251	3.91557465984417	0.558580319344377	0.0898473432186457	81.3116280561793
341	2.17360409409791		3.95515889288737		0.97557407617569	2.17065025965232	3.85753721608893	0.562703646927635	0.0928776810489685	80.7462419848814
338	2.14506285641899		3.92818886125686		0.964221119880676	2.14210902197339	3.78664118753238	0.56570161150371	0.0960281258079742	80.1626146741024
335	2.09553619646063		3.86783284831443		0.954874098300934	2.09258236201504	3.69230163620044	0.56674198594685	0.0993232934919217	79.5566901358213
332	2.03332794231468		3.78948158519978		0.946872651576996	2.03037410786908	3.58717302006341	0.566009527980112	0.102837899017246	78.915461564553
329	1.94497904374192		3.66814049925885		0.938952207565308	1.94202520929632	3.44323338928516	0.564012075202229	0.106709481918875	78.2150843648438
326	1.84842694695975		3.5323401567839		0.931833863258362	1.84547311251416	3.29058633785806	0.560834125907005	0.110869880523234	77.469386996992
323	1.76988965845521		3.4313324594336		0.925504565238953	1.76693582400962	3.17475259311862	0.556558589113215	0.115522244691429	76.643928191116
320	1.68450930479247		3.31406166400376		0.919252157211304	1.68155547034688	3.04550356480693	0.552143655249169	0.120663478715191	75.7419568557372
317	1.60703817351023		3.20772620178217		0.913403213024139	1.60408433906464	2.92899872517741	0.547656209364679	0.126041482515718	74.8098041001135
314	1.53856190913541		3.11832591649486		0.908680856227875	1.53560807468982	2.83261927457872	0.542115944938701	0.13182005453091	73.8210036536289
311	1.46314517603833		3.01803432998155		0.905046582221985	1.46019134159273	2.7305216408491	0.534766441601488	0.138291584670732	72.7291338252076
308	1.38130005429505		2.90317080260849		0.902658760547638	1.37834621984946	2.6196350238904	0.526159639522028	0.144864026109931	71.6367663697361
305	1.29112060702355		2.77218590445024		0.902248084545136	1.28816677257796	2.50026231438612	0.515212649955185	0.151955781708362	70.4764821916601
302	1.19021087903321		2.61980306570366		0.904157757759094	1.18725704458762	2.36777617429335	0.501422836109899	0.159723121991074	69.227217812631
299	1.08549479668797		2.45291382686856		0.908673107624054	1.08254096224237	2.22795304862324	0.485890383960885	0.167561596531365	67.9889608568257
296	0.973583002396376		2.2596929536172		0.919314444065094	0.970629167950781	2.07641353775919	0.467454652120144	0.174976075366216	66.8380736650075
293	0.877937186738518		2.09787983414658		0.935736358165741	0.874983352292924	1.96209054581899	0.445944431136178	0.182884864329877	65.631923982299
290	0.771301362274477		1.90276925631293		0.954356729984283	0.768347527828883	1.81492941551458	0.423348435074561	0.190953292444489	64.4238548434879
287	0.660974888716297		1.69067937068578		0.971447765827179	0.658021054270702	1.64139771615214	0.400890684686266	0.200117718523054	63.0786342304756
284	0.558874750269288		1.4896577980027		0.985033094882965	0.555920915823694	1.46633913963213	0.379121651191254	0.20868499708891	61.8464823021917
281	0.465525061616416		1.30011668090118		0.994289815425873	0.462571227170822	1.29166006886532	0.35812148902085	0.217912133244467	60.5463360122453
278	0.385130863024081		1.13062498083381		0.996792435646057	0.382177028578487	1.12596312331457	0.339422331571081	0.227419084509553	59.2353440809621
275	0.326954541769116		1.00441837062033		0.98714405298233	0.324000707323521	0.990480337294646	0.327114729211568	0.236131948975959	58.0587994303111
272	0.283493434917631		0.909042516509247		0.966205596923828	0.280539600472037	0.877318430770912	0.31976941396925	0.244672719805482	56.9281774572774
269	0.247085144047487		0.825443347531769		0.940902948379517	0.244131309601892	0.77568482314839	0.314730032503406	0.253223105584046	55.8183371335961
266	0.217679285705514		0.754839538609787		0.90767240524292	0.214725451259919	0.684204277777124	0.313832371755304	0.260942369428803	54.8349725714637
263	0.188003895427973		0.677089108012259		0.867875158786774	0.185050060982378	0.586727410201475	0.315393584422508	0.268393711679826	53.9021748283395
260	0.159036662343647		0.594332051458174		0.826263844966888	0.156082827898052	0.490216898132055	0.318395445960344	0.274943657729634	53.0953321862309
257	0.129626944443584		0.502150126777687		0.783925712108612	0.12667310999799	0.392834181762293	0.322459490235095	0.280957298283406	52.3651921782129
254	0.100512659586775		0.403449438390337		0.74089515209198	0.09755882514118	0.298144212176006	0.327220255020706	0.286299050876224	51.7250535700868
251	0.0751225385906638		0.311286349693051		0.698560178279877	0.0721687041450692	0.216726697750441	0.332994065309715	0.290970347678758	51.1716772830035
248	0.0521147396103328		0.222304234722678		0.660330295562744	0.0491609051647382	0.146108377788478	0.336468763180089	0.295487288542313	50.6422171885337
245	0.0341103950472648		0.147987140521954		0.629273355007172	0.0311565606016703	0.092470778059349	0.336934124006977	0.300161492868595	50.1000901263342
242	0.0208639230657408		0.0896769502489684		0.604725062847137	0.0179100886201462	0.0536018097757927	0.334132162609082	0.305084748358196	49.5353517935524
239	0.0123320596392916		0.0495226954197929		0.585129261016846	0.00937822519369712	0.0283694414926051	0.330574896800196	0.309781553819227	49.0025235634514
236	0.00703008376173461		0.0230123920093349		0.573699116706848	0.00407624931614009	0.0126063240536572	0.323349558427189	0.316189509197727	48.2848059975088
233	0.00448131995556231		0.00957623977649353		0.570354223251343	0.00152748550996779	0.00486945801283644	0.313686965970579	0.324133259271791	47.409649078702
230	0.00337530362449437		0.00343826660928154		0.571752786636353	4.21469178899846E-4	0.00137199512934464	0.307194369633928	0.327974947224386	46.9921215767999
