Wavelength	I1	I1 dark	R1	R1dark	XCorrect	I1c	R1c	I1c/R1c	Abs	Percent T
nm	uA	uA	uA	uA		uA	uA	uA/uA	OD	T*100
	Abs Detector Raw	Dark Offset for Abs Detector	Ref Detector Raw	Dark Offset for Ref Detector	Linear interp	Dark subtracted Abs Detector	Corrected Ref Detector	Corrected Intensity 	-Log(T)	% Transmittance
800	0.164411477156765	0.0029691440101238	0.235582540257389	0.00103876296105164	1.34088253974915	0.161442333146641	0.314495655783471	0.513337243862578	0.0023525603613807	99.4597674909404
797	0.161948969308328		0.232283959414246		1.3260293006897	0.158979825298204	0.306637906140681	0.518461097321955	0.00236118511741807	99.4577923156892
794	0.172860023112996		0.248948045575077		1.31175875663757	0.169890879102873	0.325197172320687	0.522424220021625	0.00235277489355044	99.4597183599583
791	0.188746249627277		0.272256841258307		1.29830348491669	0.185777105617153	0.352123376225733	0.527590947265195	0.00235485326438856	99.4592423841119
788	0.175734635528268		0.253526091439963		1.28535497188568	0.172765491518144	0.324535842998501	0.532346411792	0.00235682669668873	99.4587904427594
785	0.170738037190079		0.246853561177929		1.27193987369537	0.167768893179955	0.312661643396428	0.536582905909052	0.00232276624151843	99.466591012783
782	0.177616625572017		0.257348900338872		1.25860202312469	0.174647481561893	0.322592457451093	0.541387368265952	0.00232920300895671	99.4651168089965
779	0.188364588938494		0.273581239217492		1.24614322185516	0.185395444928371	0.339626959454585	0.545879647558313	0.0022963210458215	99.4726479480236
776	0.20846924599317		0.303598595130874		1.23451888561249	0.205500101983046	0.37351582684139	0.550177762802832	0.00227859645026382	99.4767077473218
773	0.236896590773989		0.345914349508908		1.22383856773376	0.233927446763865	0.42207204388707	0.554235823366816	0.00227668366439713	99.4771458787455
770	0.303041181192672		0.444589178826537		1.21381187438965	0.300072037182548	0.538386761667992	0.557354040899679	0.00227404705868013	99.4777498072286
767	0.447428018536873		0.658559954338739		1.20520555973053	0.444458874526749	0.792448195489031	0.560868050500724	0.00223134471205176	99.487531516135
764	0.480927635712585		0.705570432361344		1.19851565361023	0.477958491702461	0.844392234240397	0.566038473971076	0.0022133866905355	99.4916453979464
761	0.388189935887834		0.569143028121325		1.19181299209595	0.385220791877711	0.677074044083134	0.568949282939004	0.00224666176663951	99.4840227700133
758	0.368979219717038		0.54186251553502		1.18398952484131	0.366010075706914	0.640329657832946	0.571596319535776	0.00220592405420614	99.4933550129138
755	0.400136924365487		0.588190507903613		1.17633533477783	0.397167780355363	0.690687344452396	0.57503265919872	0.00219405042177341	99.4960752033038
752	0.442376484743581		0.650473839258745		1.16980671882629	0.439407340733457	0.759713515694509	0.578385577794761	0.00218493694077293	99.4981631071174
749	0.484785027664945		0.71281705830895		1.16390073299408	0.481815883654822	0.828439279684696	0.581594687106339	0.00218820388743597	99.4974146426932
746	0.551003465205525		0.81060528332104		1.15848278999329	0.548034321195402	0.937868881191795	0.584340020429069	0.00222849607499494	99.4881840797991
743	0.641642584106045		0.943707407117803		1.15345752239227	0.638673440095921	1.08732823872593	0.587378693341288	0.00224158267759127	99.485186245918
740	0.725794356535904		1.06652903290877		1.14841175079346	0.72282521252578	1.22362154636405	0.590726123345596	0.00227185140634389	99.4782527358059
737	0.86125783316747		1.26618943006019		1.14263534545898	0.858288689157346	1.44560586955848	0.593722471132111	0.00234700485926833	99.4610397900498
734	1.02415306414499		1.50481438851831		1.13635516166687	1.02118392013487	1.70882319409082	0.597594838170599	0.00238912314583428	99.4513944327534
731	1.07960892940192		1.58488885230967		1.12990951538086	1.07663978539179	1.78960728689183	0.601606728625745	0.00241654343819082	99.4451155129457
728	1.05861043034031		1.55496957142337		1.12338900566101	1.05564128633019	1.74566878578449	0.604720262472811	0.00237747955098453	99.4540607969723
725	1.04731622079072		1.54097887567849		1.11702907085419	1.04434707678059	1.72015787327985	0.607122807157996	0.00229650689807729	99.4726053796447
722	1.04908572731441		1.54726632194243		1.11090362071991	1.04611658330428	1.71770979372932	0.609018232953694	0.00225152433134024	99.4829089064727
719	1.02172714740664		1.51022380133849		1.10438621044159	1.01875800339651	1.6667231453888	0.611234089005744	0.00227809606603301	99.4768223621894
716	0.916567899169607		1.35777156684024		1.09723365306854	0.913598755159483	1.48865289063829	0.613708380848783	0.00237432488634229	99.454783222335
713	0.74341166542547		1.10380337296979		1.08915162086487	0.740442521415346	1.20107786242343	0.616481699130933	0.002509504183195	99.4238315614129
710	0.558127429715634		0.832274116242268		1.07961905002594	0.55515828570551	0.897417522457443	0.618617613109773	0.00264284847193907	99.3933094949802
707	0.423467430558884		0.636741490375628		1.06877458095551	0.42049828654876	0.679422916104786	0.618905068671407	0.00275467965536789	99.3677189316276
704	0.343594731598255		0.523405206343635		1.05739140510559	0.340625587588131	0.552345787548319	0.616689029348907	0.0026925259563321	99.3819408789847
701	0.303142262430061		0.469048045916304		1.04672133922577	0.300173118419937	0.489875303425013	0.612754136249053	0.00272943013427239	99.3734962563613
698	0.296335394171127		0.463432025736108		1.03894531726837	0.293366250161003	0.480401315096588	0.61066912379709	0.00274043264379639	99.3709787387897
695	0.323077357946718		0.507469308580163		1.03592443466187	0.320108213936594	0.524623776665978	0.610167186799852	0.00274927057257215	99.3689565516953
692	0.364946225958739		0.573449109036735		1.03646862506866	0.361977081948615	0.593285364372142	0.610123059974159	0.00279677247243938	99.3580884511592
689	0.395936150151316		0.621999140886196		1.0377025604248	0.392967006141192	0.644372174095277	0.609844779056347	0.00285678010923036	99.3443608252239
686	0.40954955280688		0.64383960924375		1.03746140003204	0.406580408796756	0.666881065926231	0.609674542539391	0.00288434368863832	99.3380558883706
683	0.410036164743412		0.645067140366775		1.03570008277893	0.407067020733288	0.667020243791088	0.61027686119341	0.00293555386092399	99.3263430546725
680	0.403362813024472		0.635393994043122		1.0333856344223	0.400393669014348	0.655533582920852	0.610790475798845	0.00297806411597408	99.3166211224166
677	0.41083989093649		0.648344291842938		1.03072738647461	0.407870746926366	0.667195536034991	0.611321156838458	0.0030286392229682	99.3050560289368
674	0.422976798541802		0.668602304762479		1.0278697013855	0.420007654531678	0.686168338367279	0.612105850775738	0.00307680450710317	99.2940432456362
671	0.433001789651646		0.685639705207096		1.02485907077789	0.430032645641522	0.701619485523951	0.612914342480647	0.00313673807281634	99.280341401141
668	0.441772370366112		0.700811466010731		1.02161717414856	0.438803226355989	0.714899811435912	0.613796813674674	0.00322658857946596	99.259803571056
665	0.448419369851271		0.712503638205222		1.01794040203094	0.445450225841147	0.724228841136947	0.615068332741136	0.00332066098621709	99.2383052611091
662	0.453830529802794		0.722232918867029		1.01405811309814	0.45086138579267	0.731332784915425	0.616492785626737	0.00334822754373861	99.2320063746528
659	0.464047509742437		0.739569566136623		1.01044762134552	0.461078365732313	0.746246693359152	0.617863194350406	0.003370418826878	99.226936014834
656	0.479610608435133		0.765494888909007		1.00736176967621	0.476641464425009	0.770083875874751	0.618947467097119	0.00341308217148778	99.2171888381712
653	0.505443411676637		0.808080748419018		1.00482106208801	0.502474267666513	0.810932784977492	0.619625050281399	0.00345309251924073	99.2080486544016
650	0.534717073974216		0.856253403561002		1.00265884399414	0.531747929964092	0.857488522910811	0.620122503982949	0.00351072673208268	99.1948838580473
647	0.547992264045683		0.878568410796055		1.00098860263824	0.545023120035559	0.87839717595999	0.620474581375912	0.00355997433189944	99.1836361144534
644	0.551187040949421		0.884893703129178		0.999615073204041	0.548217896939297	0.883514720717915	0.620496618883535	0.00360994902109688	99.1722236134403
641	0.563946964909665		0.906759857826962		0.99827116727829	0.560977820899541	0.904155254600363	0.620444130634947	0.00375585899959371	99.1389103039013
638	0.585737952981772		0.943111384170966		0.996643483638763	0.582768808971649	0.93891053904335	0.620686193985454	0.00382000919432653	99.1242674498379
635	0.610353813784291		0.98408260165862		0.994565904140472	0.607384669774167	0.977701884243968	0.621237086234975	0.00388295771196198	99.1099009916555
632	0.635926162925273		1.02675401780891		0.992188215255737	0.632957018915149	1.01770258806809	0.621946948289379	0.00395051971435456	99.0944839351885
629	0.657827181209343		1.06365067934361		0.989726662635803	0.654858037199219	1.05169534567835	0.622668950557002	0.0040039167281355	99.0823009016264
626	0.686419283451052		1.11140624250728		0.986993134021759	0.683450139440928	1.09592507855318	0.623628524262999	0.00405621056842029	99.0703710192578
623	0.709464649569904		1.15002284269477		0.984223663806915	0.70649550555978	1.13085732061134	0.624743274578484	0.00412043786215852	99.0557207034038
620	0.727246671593577		1.1799236540377		0.981929302215576	0.724277527583454	1.15758161848738	0.625681607254505	0.00418414208676057	99.0411918402557
617	0.735811406056425		1.1948254981554		0.980959832668304	0.732842262046301	1.17105683599789	0.625795639903187	0.00425497515885353	99.0250396207298
614	0.743760766376223		1.20886284276484		0.981367647647858	0.740791622366099	1.18531947596948	0.624972117124965	0.0043256880088303	99.0089174432112
611	0.751581363573977		1.22271061187454		0.982362389564514	0.748612219563854	1.20012447676236	0.623778811330827	0.00438357014273187	98.9957225586958
608	0.762433436284521		1.24149637107682		0.982585072517395	0.759464292274397	1.21885512882519	0.623096440514975	0.00445181927901574	98.980166658288
605	0.778477129457718		1.26864599102449		0.981410205364227	0.775507985447594	1.24404267001492	0.623377319877858	0.00451059964703553	98.9667709161061
602	0.799946459511091		1.30435047543993		0.979359269142151	0.796977315500967	1.27641040619772	0.624389547148141	0.00457219163526934	98.9527363652987
599	0.826367217767335		1.34814113963263		0.977581381797791	0.823398073757212	1.31690220280968	0.625253775109834	0.00467133963344932	98.9301483603539
596	0.856323427974785		1.39783213186571		0.976614892482758	0.853354283964661	1.36412920579345	0.625567050643347	0.00476166719226574	98.9095743260668
593	0.885772536133479		1.44663669465898		0.976398348808289	0.882803392123355	1.41147943355053	0.625445451870801	0.00482821810237903	98.8944186698465
590	0.914986640936179		1.49488761243493		0.976394712924957	0.912017496926055	1.45858611853532	0.625275042273048	0.00484644840598226	98.8902674832366
587	0.942645893755346		1.54046137934267		0.976113736629486	0.939676749745222	1.5026515623282	0.625345737696697	0.00495733956628617	98.865020428384
584	0.965497360033664		1.57812352885038		0.975447654724121	0.962528216023541	1.53836363618788	0.625683156687659	0.00507267792654038	98.8387676994698
581	0.985373345672017		1.6110371358966		0.974489092826843	0.982404201661894	1.56892585389465	0.626163562301688	0.00515523454226267	98.8199808647525
578	1.00940286004133		1.65091666454584		0.973618805408478	1.00643371603121	1.60635215161083	0.626533674463579	0.00523484300945124	98.8018683016109
575	1.03384428450422		1.69126265559556		0.972994327545166	1.03087514049409	1.64457825981469	0.626832523379125	0.00529743875977817	98.7876288128279
572	1.06005202670907		1.73431501626338		0.972547769546509	1.05708288269894	1.68569395415711	0.627090629406398	0.00540087902527562	98.7641023759532
569	1.08559772820611		1.77616832298091		0.972193658351898	1.08262858419599	1.7257697010043	0.627330856235313	0.00550971200132515	98.739355470477
566	1.11386703717518		1.82269578983601		0.972323656082153	1.11089789316506	1.7712402204988	0.62718646534134	0.00566658774099117	98.7036953071701
563	1.14093116487466		1.86725884751927		0.972873628139496	1.13796202086453	1.81559630457095	0.62677039934461	0.00577301787707723	98.6795095045415
560	1.17692062395937		1.92625314537924		0.9736088514328	1.17395147994924	1.87440576362808	0.626305948652736	0.00592132907092277	98.6458162899375
557	1.2166282599091		1.99099689023773		0.974480867385864	1.21365911589898	1.93917612193013	0.625863273672627	0.00604967231380113	98.6166686632835
554	1.24988317005454		2.04456640296313		0.975422322750092	1.24691402604442	1.99330247721484	0.625551836862552	0.00644657414487895	98.5265840366123
551	1.27998669288347		2.09241857806489		0.976292371749878	1.27701754887335	2.04179815991755	0.625437701895528	0.00640825236238671	98.5352783237109
548	1.31297110193136		2.14602425900304		0.976854741573334	1.31000195792124	2.09533925241464	0.625198022903264	0.00659082289881193	98.493864355494
545	1.34793599803188		2.20246377659978		0.976897537708282	1.34496685402176	2.1505666752731	0.625401141701856	0.00675695780639936	98.456193741814
542	1.3841061736686		2.26036699414185		0.976688385009766	1.38113702965848	2.20665964131894	0.625894906399321	0.00696232159464857	98.4096480038769
539	1.41770420454021		2.31398209402527		0.976733922958374	1.41473506053009	2.25913021333076	0.626229976555563	0.00718407702178718	98.359411807268
536	1.4564704897857		2.3761474966089		0.977351248264313	1.45350134577558	2.32131548559419	0.626154159051551	0.0074196112147772	98.3060822702473
533	1.50251670175991		2.44998413938027		0.978485703468323	1.49954755774979	2.39625803940105	0.62578717863148	0.00768422162031178	98.2462037998959
530	1.55574939808041		2.53483008508616		0.97979062795639	1.55278025407028	2.48258499061541	0.62546912187903	0.00789358216138728	98.1988536211226
527	1.60796005827217		2.6177491741103		0.980956435203552	1.60499091426205	2.56687891688099	0.625269428840949	0.00820628788755748	98.1281727982373
524	1.66309464545421		2.70548600237301		0.981513798236847	1.66012550144409	2.65445228208638	0.625411695153638	0.00851895126147656	98.0575524119952
521	1.7243263090279		2.80281895364424		0.98179018497467	1.72135716501778	2.75076029166921	0.625775052166841	0.00879780263953853	97.9946119227689
518	1.7885032374824		2.90399886046651		0.982168912887573	1.78553409347228	2.85119716312294	0.626240133992196	0.00912511932513102	97.9207837052919
515	1.86455868517654		3.02388446911833		0.983009278774261	1.86158954116642	2.97148537745554	0.626484503437297	0.00946000598135464	97.8453056016855
512	1.93280488241361		3.13090709686451		0.984047532081604	1.92983573840349	3.07993920971806	0.626582411858754	0.00978367167924994	97.7724118110264
509	2.00380837822365		3.24179598802299		0.985204875469208	2.00083923421352	3.19280981834308	0.626670346200534	0.00967490455502555	97.7969015438866
506	2.08458216574269		3.37124207759363		0.986456871032715	2.08161302173256	3.32456021649654	0.62613184486885	0.0104728271083238	97.6173857663246
503	2.17189237779616		3.5067211065933		0.987697958946228	2.16892323378603	3.4625552955194	0.626393818632341	0.0108241898429701	97.5384410823363
500	2.26347012157085		3.64807423957341		0.988681137561798	2.26050097756073	3.60575518374534	0.626914713386815	0.0112059107274923	97.4527478402859
497	2.41881626596965		3.89173914216422		0.988923311233521	2.41584712195953	3.84760430201911	0.62788346522322	0.0116069703801421	97.3627943048778
494	2.67140561554629		4.28973184809345		0.988562703132629	2.66843647153617	4.2396420291447	0.629401362943488	0.0120477809332623	97.2640208340616
491	2.7924166099358		4.47283750654149		0.98904812335968	2.78944746592568	4.4228241553804	0.630693730505268	0.0124277467747317	97.1789613988998
488	2.81460635227878		4.49779706210582		0.991359889507294	2.81163720826866	4.45790581058116	0.630708078576948	0.0128175216240756	97.0917834029091
485	3.03818107794792		4.84443057024222		0.992995142936707	3.03521193393779	4.80946453996964	0.631091446607683	0.013232915480639	96.9989614810869
482	3.31413032977497		5.26914436371116		0.994394838809967	3.31116118576484	5.23857701969179	0.632072636007488	0.0136302786032919	96.910251667489
479	3.39387113878251		5.3817468534956		0.99604320526123	3.39090199477239	5.35941773307107	0.632699700538051	0.0140413839637911	96.8185593365264
476	3.69580173327918		5.85539879007954		0.998053312301636	3.69283258926906	5.84296341647191	0.632013642060224	0.0144622501787364	96.7247798279193
473	4.32504909770819		6.83348727738223		1.00068914890289	4.32207995369807	6.83715708881897	0.632145773097141	0.0148287597355219	96.6431863397177
470	4.92351344468208		7.7493474543867		1.00380909442902	4.92054430067196	7.77782273089645	0.632637753638392	0.0152291602140175	96.5541266183806
467	5.238046191228		8.22127420054785		1.00672602653503	5.23507704721788	8.27552495926423	0.632597578158151	0.0156102545748349	96.4694373233653
464	5.05568895074573		7.92419481208648		1.00893819332123	5.05271980673561	7.99397474960677	0.632066020346656	0.0159413162004461	96.395926928251
461	4.69588378860922		7.36312116686748		1.01032972335815	4.6929146445991	7.43813067847872	0.630926619530556	0.0163371446117903	96.3081089495761
458	4.34248754856624		6.82213287801354		1.01095962524414	4.33951840455612	6.89585075030848	0.62929413087457	0.0167258220535598	96.2219553245944
455	3.93526340102351		6.20782056113227		1.01064646244049	3.93229425701339	6.27286206746177	0.626874019342902	0.0171563098196348	96.1266240379813
452	3.66442188721316		5.81276319454678		1.00919055938721	3.66145274320304	5.8651374301163	0.624273989625923	0.0176067468758645	96.0269761057138
449	3.36543812498011		5.36689549125026		1.00661778450012	3.36246898096998	5.40136681177555	0.622521872360056	0.0181265680895745	95.912107048646
446	2.94350878828715		4.71445195015612		1.00299048423767	2.94053964427702	4.72750857503701	0.622006200010754	0.0187070230007519	95.7840016549292
443	2.67242061432153		4.29479772820016		0.999023199081421	2.66945147031141	4.28956481753771	0.622312888104049	0.01940214779192	95.630813943759
440	2.60136975278903		4.18800336705463		0.996054291725159	2.59840060877891	4.17044406320874	0.623051303265701	0.0201215313676305	95.472538180336
437	2.5814238410035		4.15803438279938		0.99519157409668	2.57845469699337	4.13700701441991	0.623265730032833	0.0209433930066998	95.2920361874368
434	2.59791520934581		4.18098389564713		0.996780753135681	2.59494606533568	4.16648885742465	0.622813633765397	0.0217839693661294	95.1077769595659
431	2.67241719513209		4.29392039910211		1.00035095214844	2.66944805112197	4.29438823217425	0.621613116187782	0.0227569036477136	94.8949489177772
428	2.7928083152565		4.48242604776294		1.00449895858765	2.78983917124638	4.50154886061141	0.619750947425561	0.0238034361105158	94.6665530047174
425	2.85256229695133		4.58487243529304		1.00724053382874	2.84959315294121	4.6170230751018	0.617192746622428	0.0248198334665399	94.4452600030662
422	3.04718948977716		4.92066741197861		1.00762593746185	3.04422034576703	4.95714542943051	0.614107532067455	0.0259115419388794	94.2081462219312
419	2.84513163658063		4.63732957009319		1.00603270530701	2.84216249257051	4.66426018328915	0.609349045911557	0.0271745461631042	93.9345704704933
416	2.58002070624348		4.25131235605947		1.00299537181854	2.57705156223336	4.26300474284028	0.604515293247449	0.0284654990348219	93.6557618395105
413	2.40464894302822		4.00912199325768		0.998497366905212	2.40167979901809	4.00206055178812	0.600110809903918	0.0297694669613826	93.3749824159439
410	2.24614068316354		3.78697092847153		0.993889927864075	2.24317153915341	3.76279984687749	0.596144262367524	0.0311947767994225	93.0690376381729
407	2.13571614380985		3.63361465344954		0.989984571933746	2.13274699979973	3.5961940879621	0.593056700398592	0.0325871562662254	92.7711293963907
404	2.06075707184375		3.53034595513172		0.98790580034256	2.05778792783362	3.48662304633611	0.590195125910164	0.0340679007467815	92.455361122539
401	2.05748386995253		3.54090897144693		0.988417327404022	2.05451472594241	3.49886905082873	0.587193946414136	0.0356095141232999	92.1277544948002
398	2.10104977187806		3.62457292252864		0.99182003736496	2.09808062786793	3.59389378553553	0.583790382540561	0.0372168925281019	91.787408328895
395	2.11784532356876		3.6553957422297		0.998149752616882	2.11487617955863	3.64759551483078	0.579800082262342	0.0389478696530708	91.4222973236405
392	2.10248660903052		3.62637625015815		1.00708770751953	2.0995174650204	3.65103281896595	0.575047546577526	0.0410212137431814	90.9868827685651
389	2.08852550312927		3.5976729897748		1.01841080188751	2.08555635911915	3.66285114702546	0.569380593260743	0.0432187623536501	90.5276481125331
386	2.10582882337263		3.62251777483177		1.03232741355896	2.10285967936251	3.73855206158256	0.562479709984927	0.0457614243757864	89.999184788729
383	2.13053070681885		3.66199709718379		1.04808735847473	2.12756156280873	3.83700415000156	0.554485082537078	0.0485266879877264	89.427957554545
380	2.14926936397054		3.69498131213988		1.06401991844177	2.14630021996041	3.93042844990585	0.546072838448904	0.0513520510443252	88.8480599066289
377	2.14403694211644		3.69121157338541		1.07910001277924	2.14106779810632	3.98206552688652	0.537677691050044	0.0543342747791811	88.2400458757814
374	2.12189120734165		3.66224679933123		1.09262192249298	2.11892206333153	4.00031616334553	0.529688648799059	0.057557062167643	87.5876628207324
371	2.11105526134003		3.65543626346977		1.10292184352875	2.10808611732991	4.03051482824792	0.523031475422285	0.0608609522029491	86.9238688354918
368	2.10678051160125		3.66076417848754		1.10681164264679	2.10381136759113	4.05062669879508	0.519379227964142	0.0639037621808107	86.3169801350608
365	2.11151602183624		3.68231883660454		1.10139167308807	2.10854687782611	4.05453121941599	0.520047019919069	0.0667236446700502	85.7583379099604
362	2.12433291387487		3.71804328836609		1.08866059780121	2.12136376986474	4.04655636865725	0.524239273248692	0.0693344710192136	85.2443353619394
359	2.15252650995362		3.78153059646201		1.07323324680328	2.14955736594349	4.05734952498154	0.52979349023505	0.0719127454472626	84.7397648575489
356	2.17931794905555		3.8426744658466		1.05542421340942	2.17634880504542	4.05455533992354	0.53676633381121	0.0744124263665368	84.2534267758792
353	2.20258614354265		3.89935072782717		1.03646063804626	2.19961699953253	4.04044690640852	0.544399431667752	0.0770592456691352	83.7415035687135
350	2.21741007536818		3.94180163586067		1.01822805404663	2.21444093135806	4.01259531153179	0.551872481382307	0.0797547481741989	83.2233611732046
347	2.22745314783782		3.97690531858173		1.00210988521576	2.22448400382769	3.98425517768621	0.558318657972988	0.0825034959101299	82.6982851634711
344	2.22430610439336		3.98954677116793		0.988115131855011	2.22133696038324	3.94110511643411	0.56363301529828	0.0852852321776434	82.1702801821181
341	2.20430197971743		3.97510453367681		0.97557407617569	2.20133283570731	3.87699554292746	0.567793491463526	0.0883146571004103	81.5990951496137
338	2.17550687729343		3.94839327523862		0.964221119880676	2.17253773328331	3.80612258839432	0.570800777649106	0.0914961620180406	81.0035100155748
335	2.13078618045064		3.89775012602692		0.954874098300934	2.12781703644052	3.72086874914653	0.571860277772116	0.094819047232591	80.386098845019
332	2.05984375031419		3.804721555842		0.946872651576996	2.05687460630407	3.60160321185298	0.571099725681839	0.0983693379985336	79.7316335401683
329	1.97297204045624		3.68815412954997		0.938952207565308	1.97000289644611	3.46202511300664	0.569031948683712	0.102308708581696	79.0116791375537
326	1.87849700543335		3.55856355145451		0.931833863258362	1.87552786142323	3.31502206729925	0.565766327749131	0.106530819084034	78.2472676046952
323	1.78759057757394		3.43626230926742		0.925504565238953	1.78462143356381	3.17931507472289	0.561322609310549	0.111319565933827	77.3892136927998
320	1.70192580374632		3.32089442154481		0.919252157211304	1.69895665973619	3.05178447578328	0.55670925427987	0.116608514842345	76.4524636884115
317	1.62583745322027		3.21949802302419		0.913403213024139	1.62286830921015	2.93975102912897	0.552042772714326	0.122126840857067	75.4871726221516
314	1.55617197986583		3.13021403778525		0.908680856227875	1.5532028358557	2.84342166801435	0.546244284949954	0.128114296195877	74.4536003578735
311	1.47712703755472		3.02530089489392		0.905046582221985	1.4741578935446	2.73709810624921	0.538584236414059	0.134832954072469	73.3106459124017
308	1.39734964651608		2.91777680352669		0.902658760547638	1.39438050250595	2.63281914453912	0.529614996684491	0.141707379121536	72.159351392843
305	1.30455194058805		2.78487836045421		0.902248084545136	1.30158279657793	2.5117139445191	0.518205028649124	0.149158630737883	70.9318634368377
302	1.20322495185719		2.63560128463467		0.904157757759094	1.20025580784707	2.38206014227257	0.503873007464027	0.15736295246468	69.6044566385439
299	1.09782251636527		2.47158293568068		0.908673107624054	1.09485337235515	2.24491705094764	0.487703263643072	0.165726735616445	68.2768166640211
296	0.987119872764648		2.28524049746043		0.919314444065094	0.984150728754524	2.09989964768382	0.4686656002062	0.173561974765372	67.0560589422513
293	0.881728026567121		2.10435516737266		0.935736358165741	0.878758882556997	1.96814963233438	0.446489874611169	0.18201980793462	65.7627842623923
290	0.772241459926971		1.90587230317553		0.954356729984283	0.769272315916847	1.81789070860347	0.423167527220496	0.190858425597203	64.4379290622906
287	0.661296928509932		1.69530519952472		0.971447765827179	0.658327784499808	1.64589134451575	0.399982530252322	0.200822388614143	62.9763681711105
284	0.558164263821932		1.49407290418623		0.985033094882965	0.555195119811808	1.47068804089697	0.377507060894571	0.210317654849172	61.6144172326105
281	0.464376919225984		1.30528082150555		0.994289815425873	0.461407775215861	1.29679459566087	0.355806368070743	0.220526094556813	60.1830100889175
278	0.38330665587805		1.13532045353233		0.996792435646057	0.380337511867926	1.13064340905327	0.336390332108685	0.231141041989122	58.7298589771296
275	0.323933600771665		1.00615514551574		0.98714405298233	0.320964456761541	0.992194659593969	0.323489401659235	0.240851393920456	57.4312945926811
272	0.279215580091585		0.907295746801871		0.966205596923828	0.276246436081461	0.875630570038307	0.315482859477343	0.250450598804855	56.175817496973
269	0.243671837100066		0.826776313529861		0.940902948379517	0.240702693089942	0.776938895917873	0.309809039494125	0.259948774631784	54.9605696449286
266	0.214282607786347		0.756114840728714		0.90767240524292	0.211313463776223	0.685361719648764	0.308323995516583	0.268561407201495	53.8813654264948
263	0.185181543830974		0.679897374907776		0.867875158786774	0.18221239982085	0.589164525637032	0.309272523874097	0.276822548870711	52.8661216681268
260	0.155744718997426		0.594234958257878		0.826263844966888	0.152775574987302	0.490136569145685	0.311700013026149	0.284147519436937	51.9819396339187
257	0.126842940243283		0.502191557136408		0.783925712108612	0.123873796233159	0.392866561049137	0.315307558633542	0.290632278460742	51.2115265204935
254	0.0982077062878792		0.403110605689054		0.74089515209198	0.0952385622777554	0.297893079069866	0.319707200231459	0.296318611360641	50.5453710060267
251	0.0736720098031248		0.312218658954462		0.698560178279877	0.070702865793001	0.21737788362227	0.325253262267742	0.301030003098366	49.9999991440848
248	0.051355054650142		0.223875774633391		0.660330295562744	0.0483859106400182	0.147146029779914	0.328829195815808	0.305340002943606	49.5062461724211
245	0.0338214313490786		0.149864535533983		0.629273355007172	0.0308522873389548	0.0936520932185031	0.329435106879803	0.30970776022544	49.0108505850941
242	0.0207112642223566		0.0908148716921754		0.604725062847137	0.0177421202122328	0.0542898629946003	0.326803554726183	0.314387857543557	48.4855294607127
239	0.012284741519478		0.0502748892110377		0.585129261016846	0.00931559750935416	0.0288094981679865	0.323351606301348	0.318580655625723	48.0196891500152
236	0.00703326951077584		0.023464527532278		0.573699116706848	0.00406412550065204	0.0128656413259883	0.31588984938066	0.324809309550466	47.3359056299608
233	0.00449243657224381		0.00977022509008761		0.570354223251343	0.00152329256212001	0.00498002630045483	0.305880425165804	0.33106154514853	46.6593253326437
230	0.0033816614421188		0.00350754458933232		0.571752786636353	4.12517431995003E-4	0.00141153277556611	0.292247859302848	0.337530086175014	45.9695141597212
